89  
104  
387  
465  
479  
494  
496  
514  
532  
536
545  
547  
548  
582  
606  
609  
619  
620  
621  
630
635  
639  
648  
652  
653  
654  
660  
665  
667  
668
670  
675  
677  
678  
678  
681  
684  
688  
694  
695
697  
698  
702  
704  
710  
711  
712  
715  
716  
717
720  
721  
730  
731  
732  
733  
735  
736  
738  
739
741  
743  
746  
749  
751  
753  
764  
765  
768  
770
773  
777  
779  
780  
788  
791  
794  
796  
799  
801
806  
807  
815  
836  
838  
850  
859  
894  
963