105  
193  
211  
236  
302  
363  
389  
390  
391  
403
530  
604  
605  
630  
716  
718  
727  
731  
749  
769
770  
789  
804  
810  
811  
833  
868  
871  
875  
893
897  
901  
906  
907  
919  
923  
931  
940  
957  
958
961  
962  
974  
979  
982  
1001  
1008  
1010  
1011  
1012
1014  
1017  
1032  
1039  
1045  
1046  
1047  
1057  
1063  
1070
1073  
1076  
1085  
1090  
1094  
1099  
1107  
1119  
1120  
1128
1129  
1131  
1133  
1136  
1138  
1144  
1149  
1160  
1166  
1170
1173  
1181  
1183  
1188  
1190  
1203  
1206  
1209  
1218  
1220
1221  
1228  
1230  
1231  
1233  
1239  
1244  
1258  
1268  
1294
1316  
1327  
1328  
1369  
1393  
1435