25899
21676
15053
19461
22485
17378
15053
10998
18360
22533
23008
24260
25899
18021
17970
21074
15053
20739
15053
30800
37000
48000
16000
20147
17378
15594
17375
20111
16799
12587
24102
12755
35000
20500
13000
18066
35403
17378
14855
21074
19401
15053
15083
10294
11389
11389
26544
14274
19236
18780
12459
22700
35750
20539
13115
13605
20539
16629
27500
17378
15053
20594
9866
21074
25598
15053
31530
16799
15053
14359
15344
31000
