17703
42000
18780
15723
13179
37500
22955
13000
13500
13000
11000
12500
13000
10500
12285
13000
16000
15000
13944
23960
11389
12587
17000
9000
13796
22958
10750
13552
21000
18245
19358
22000
12000
16820
17709
23065
18693
14472
12000
20000
18900
14481
35000
18000
30000
12548
17048
13349
12000
22900
13440
17574
22149
17547
9500
25000
15723
12300
10750
11000
19000
13500
32000
17783
16600
18000
11406
23000
15379
21458
21262
20000
